1 2   50
2 1   50
2 3   20
2 4   40
3 2   20
3 4   30
4 3   30
4 5   20
4 7   40
5 4   20
5 6   50
6 5   50
6 23   600
7 4   40
7 8   200
8 7   200
8 9   200
8 22  100
8 11   300
8 18   300
8 19   50
9 8   200
9 11   100
9 12   200
9 10   100
9 19   50
10 9   100
10 11   100
11 9   100
11 10   100
11 12   100
11 8   300
11 20   50
12 11   100
12 9   200
12 13   150
12 14   250
12 15   300
13 12   150
13 14   50
13 15   150
13 12   150
14 13   50
14 15   100
14 12   250
15 14   100
15 13   150
15 12   300
16 13   50
16 21   300
16 17   250
16 24   100
17 16   250
17 21   50
17 18   400
18 17   400
18 8   300
18 20   200
19 9   50
19 8   50
20 11   50
20 22   150
21 17   50
21 16   300
22 20   150
22 18   200
23 6   600
24 16   100
25 18   50
25 23   600